data = """CustomerID,Genre,Age,Annual Income (k$),Spending Score (1-100)
1,Male,19,15,39
2,Male,21,15,81
3,Female,20,16,6
4,Female,23,16,77
5,Female,31,17,40
6,Female,22,17,76
7,Female,35,18,6
8,Female,23,18,94
9,Male,64,19,3
10,Female,30,19,72
11,Male,67,19,14
12,Female,35,20,99
13,Female,58,20,15
14,Female,24,20,77
15,Male,37,20,13
16,Male,22,20,79
17,Female,35,21,35
18,Male,20,21,66
19,Male,52,23,29
20,Female,35,23,98
21,Male,35,24,35
22,Male,25,24,73
23,Female,46,25,14
24,Male,31,25,79
25,Female,54,28,14
26,Male,29,28,82
27,Female,45,28,32
28,Male,35,28,61
29,Female,40,29,31
30,Female,23,29,87
31,Male,60,30,4
32,Female,21,30,73
33,Male,53,33,4
34,Male,18,33,92
35,Female,49,33,14
36,Female,21,33,81
37,Male,42,34,17
38,Female,30,34,73
39,Female,36,37,26
40,Male,20,37,75
41,Female,65,38,35
42,Male,24,38,92
43,Male,48,39,36
44,Female,31,39,61
45,Female,49,39,28
46,Female,24,39,65
47,Female,50,40,55
48,Male,27,40,47
49,Female,29,40,42
50,Male,31,40,42
51,Male,49,42,52
52,Female,33,42,60
53,Female,31,43,54
54,Male,59,43,60
55,Female,50,43,45
56,Male,47,43,41
57,Female,51,44,50
58,Male,69,44,46
59,Female,27,46,51
60,Male,53,46,46
61,Male,70,46,56
62,Female,19,46,55
63,Female,67,47,52
64,Male,54,47,59
65,Male,63,48,51
66,Female,18,48,59
67,Female,43,48,50
68,Female,68,48,48
69,Male,19,48,59
70,Female,32,48,47
71,Male,70,49,55
72,Female,47,49,42
73,Female,60,50,49
74,Male,60,50,56
75,Female,59,54,47
76,Male,26,54,54
77,Female,45,54,53
78,Male,40,54,48
79,Female,23,54,52
80,Male,49,54,42
81,Female,57,54,51
82,Male,38,54,55
83,Female,67,56,47
84,Male,46,56,54
85,Female,21,60,49
86,Male,48,60,47
87,Female,55,60,54
88,Male,22,60,57
89,Female,34,60,53
90,Male,50,61,45
91,Female,68,61,53
92,Female,18,61,59
93,Male,48,62,55
94,Female,40,62,49
95,Female,32,62,46
96,Male,24,62,55
97,Female,47,63,53
98,Male,30,63,46
99,Female,21,63,55
100,Male,22,63,42
101,Female,32,64,46
102,Male,28,64,54
103,Female,29,65,49
104,Male,57,65,52
105,Female,36,65,48
106,Male,27,65,50
107,Female,32,65,48
108,Male,25,65,59
109,Female,28,65,43
110,Male,36,65,59
111,Female,55,67,57
112,Male,46,67,52
113,Female,39,67,53
114,Male,42,67,53
115,Female,20,67,54
116,Male,40,69,46
117,Female,32,69,52
118,Male,33,69,51
119,Female,28,69,59
120,Male,30,69,50
121,Female,58,70,35
122,Male,20,70,77
123,Female,47,71,49
124,Male,35,71,54
125,Female,35,71,57
126,Male,36,71,46
127,Female,55,71,55
128,Male,52,71,55
129,Female,40,71,56
130,Male,18,71,42
131,Female,32,72,56
132,Male,28,72,44
133,Female,44,72,54
134,Male,32,72,54
135,Female,24,73,59
136,Male,27,73,53
137,Female,25,73,59
138,Male,44,73,54
139,Female,39,74,55
140,Male,41,74,46
141,Female,36,74,57
142,Male,36,74,50
143,Female,52,74,52
144,Male,52,74,42
145,Female,38,75,57
146,Male,26,75,53
147,Female,26,75,55
148,Male,25,75,47
149,Female,28,76,49
150,Male,39,76,57
151,Female,31,77,58
152,Male,24,77,38
153,Female,25,77,57
154,Male,28,77,47
155,Female,30,77,58
156,Male,26,77,48
157,Female,35,78,59
158,Male,45,78,54
159,Female,35,78,50
160,Male,32,78,58
161,Female,30,78,55
162,Male,46,78,40
163,Female,39,78,60
164,Male,30,78,44
165,Female,25,78,55
166,Male,30,78,40
167,Female,34,78,55
168,Male,30,78,44
169,Female,37,85,22
170,Male,31,85,79
171,Female,39,85,23
172,Male,37,85,73
173,Female,31,85,16
174,Male,28,85,73
175,Female,22,85,14
176,Male,30,85,85
177,Female,41,86,9
178,Male,45,86,93
179,Female,55,86,11
180,Male,29,86,94
181,Female,34,87,7
182,Male,29,87,95
183,Female,33,87,9
184,Male,30,87,97
185,Female,48,87,11
186,Male,25,87,97
187,Female,41,88,15
188,Male,39,88,93
189,Female,44,88,15
190,Male,31,88,93
191,Female,24,88,18
192,Male,28,88,86
193,Female,35,89,10
194,Male,24,89,96
195,Female,51,89,10
196,Male,23,89,94
197,Female,55,90,8
198,Male,22,90,97
199,Female,42,90,7
200,Male,28,90,98"""
